{
 "cells": [
  {
   "cell_type": "code",
   "execution_count": 1,
   "id": "4691e332-3811-4525-93a8-811c1301bb14",
   "metadata": {},
   "outputs": [],
   "source": [
    "import matplotlib.pyplot as plt"
   ]
  },
  {
   "cell_type": "code",
   "execution_count": 17,
   "id": "24f957dd-a07d-4dc6-9ff9-646a8589ebc4",
   "metadata": {},
   "outputs": [],
   "source": [
    "u = [[0.000000, 0.000000, 0.000000, 0.000000, 0.000000, 0.000000, 0.000000, 0.000000, 0.000000, 0.000000, 0.000000, 0.000000, 0.000000, 0.000000, 0.000000, 0.000000, 0.000000, 0.000000, 0.000000, 0.000000, 0.000000, 0.000000, 0.000000, 0.000000, 0.000000, 0.000000, 0.000000, 0.000000, 0.000000, 0.000000, 0.000000, 0.000000, 0.000000, 0.000000, 0.000000, 0.000000, 0.000000, 0.000000, 0.000000, 0.000000, 0.000000, 0.000000, 0.000000, 0.000000, 0.000000, 0.000000, 0.000000, 0.000000, 0.000000, 0.000000, 0.000000, 0.000000, 0.000000, 0.000000, 0.000000, 0.000000, 0.000000, 0.000000, 0.000000, 0.000000, 0.000000, 0.000000, 0.000000, 0.000000, 0.000000, 0.000000, 0.000000, 0.000000, 0.000000, 0.000000, 0.000000, 0.000000, 0.000000, 0.000000, 0.000000, 0.000000, 0.000000, 0.000000, 0.000000, 0.000000, 0.000000, 0.000000, 0.000000, 0.000000, 0.000000, 0.000000, 0.000000, 0.000000, 0.000000, 0.000000, 0.000000, 0.000000, 0.000000, 0.000000, 0.000000, 0.000000, 0.000000, 0.000000, 0.000000, 0.000000, 0.000000, 0.000000, ],\n",
    "[0.000000, 1.566106, 3.094061, 4.548474, 5.899147, 7.122903, 8.204624, 9.137461, 9.922260, 10.566376, 11.082094, 11.484895, 11.791788, 12.019866, 12.185204, 12.302106, 12.382724, 12.436944, 12.472507, 12.495254, 12.509441, 12.518069, 12.523185, 12.526143, 12.527809, 12.528725, 12.529215, 12.529471, 12.529601, 12.529665, 12.529696, 12.529711, 12.529718, 12.529721, 12.529722, 12.529722, 12.529723, 12.529723, 12.529723, 12.529723, 12.529723, 12.529723, 12.529723, 12.529723, 12.529723, 12.529723, 12.529723, 12.529723, 12.529723, 12.529723, 12.529723, 12.529723, 12.529723, 12.529723, 12.529723, 12.529723, 12.529723, 12.529723, 12.529723, 12.529723, 12.529723, 12.529723, 12.529723, 12.529723, 12.529723, 12.529723, 12.529722, 12.529722, 12.529721, 12.529718, 12.529711, 12.529696, 12.529665, 12.529601, 12.529471, 12.529215, 12.528725, 12.527809, 12.526143, 12.523185, 12.518069, 12.509441, 12.495254, 12.472507, 12.436944, 12.382724, 12.302106, 12.185204, 12.019866, 11.791788, 11.484895, 11.082094, 10.566376, 9.922260, 9.137461, 8.204624, 7.122903, 5.899147, 4.548474, 3.094061, 1.566106, 0.000000, ],\n",
    "[0.000000, 3.094061, 6.112739, 8.986109, 11.654506, 14.072134, 16.209129, 18.051964, 19.602315, 20.874720, 21.893455, 22.689115, 23.295304, 23.745801, 24.072358, 24.303243, 24.462456, 24.569531, 24.639759, 24.684675, 24.712688, 24.729723, 24.739823, 24.745661, 24.748951, 24.750758, 24.751725, 24.752230, 24.752487, 24.752614, 24.752675, 24.752704, 24.752717, 24.752723, 24.752726, 24.752727, 24.752727, 24.752727, 24.752728, 24.752728, 24.752728, 24.752728, 24.752728, 24.752728, 24.752728, 24.752728, 24.752728, 24.752728, 24.752728, 24.752728, 24.752728, 24.752728, 24.752728, 24.752728, 24.752728, 24.752728, 24.752728, 24.752728, 24.752728, 24.752728, 24.752728, 24.752728, 24.752728, 24.752728, 24.752727, 24.752727, 24.752727, 24.752726, 24.752723, 24.752717, 24.752704, 24.752675, 24.752614, 24.752487, 24.752230, 24.751725, 24.750758, 24.748951, 24.745661, 24.739823, 24.729723, 24.712688, 24.684675, 24.639759, 24.569531, 24.462456, 24.303243, 24.072358, 23.745801, 23.295304, 22.689115, 21.893455, 20.874720, 19.602315, 18.051964, 16.209129, 14.072134, 11.654506, 8.986109, 6.112739, 3.094061, 0.000000, ],\n",
    "[0.000000, 4.548474, 8.986109, 13.210092, 17.132698, 20.686600, 23.827899, 26.536714, 28.815525, 30.685719, 32.183002, 33.352363, 34.243217, 34.905225, 35.385073, 35.724315, 35.958231, 36.115534, 36.218695, 36.284669, 36.325811, 36.350828, 36.365658, 36.374230, 36.379059, 36.381712, 36.383131, 36.383872, 36.384249, 36.384435, 36.384525, 36.384568, 36.384587, 36.384596, 36.384599, 36.384601, 36.384602, 36.384602, 36.384602, 36.384602, 36.384602, 36.384602, 36.384602, 36.384602, 36.384602, 36.384602, 36.384602, 36.384602, 36.384602, 36.384602, 36.384602, 36.384602, 36.384602, 36.384602, 36.384602, 36.384602, 36.384602, 36.384602, 36.384602, 36.384602, 36.384602, 36.384602, 36.384602, 36.384602, 36.384602, 36.384602, 36.384601, 36.384599, 36.384596, 36.384587, 36.384568, 36.384525, 36.384435, 36.384249, 36.383872, 36.383131, 36.381712, 36.379059, 36.374230, 36.365658, 36.350828, 36.325811, 36.284669, 36.218695, 36.115534, 35.958231, 35.724315, 35.385073, 34.905225, 34.243217, 33.352363, 32.183002, 30.685719, 28.815525, 26.536714, 23.827899, 20.686600, 17.132698, 13.210092, 8.986109, 4.548474, 0.000000, ],\n",
    "[0.000000, 5.899147, 11.654506, 17.132698, 22.219929, 26.828869, 30.902584, 34.415307, 37.370277, 39.795261, 41.736596, 43.252656, 44.407553, 45.265708, 45.887676, 46.327353, 46.630491, 46.834322, 46.967981, 47.053450, 47.106741, 47.139141, 47.158346, 47.169444, 47.175696, 47.179128, 47.180966, 47.181924, 47.182411, 47.182652, 47.182769, 47.182824, 47.182849, 47.182860, 47.182865, 47.182867, 47.182868, 47.182868, 47.182868, 47.182868, 47.182868, 47.182868, 47.182868, 47.182868, 47.182868, 47.182868, 47.182868, 47.182868, 47.182868, 47.182868, 47.182868, 47.182868, 47.182868, 47.182868, 47.182868, 47.182868, 47.182868, 47.182868, 47.182868, 47.182868, 47.182868, 47.182868, 47.182868, 47.182868, 47.182868, 47.182868, 47.182867, 47.182865, 47.182860, 47.182849, 47.182824, 47.182769, 47.182652, 47.182411, 47.181924, 47.180966, 47.179128, 47.175696, 47.169444, 47.158346, 47.139141, 47.106741, 47.053450, 46.967981, 46.834322, 46.630491, 46.327353, 45.887676, 45.265708, 44.407553, 43.252656, 41.736596, 39.795261, 37.370277, 34.415307, 30.902584, 26.828869, 22.219929, 17.132698, 11.654506, 5.899147, 0.000000, ],\n",
    "[0.000000, 7.122903, 14.072134, 20.686600, 26.828869, 32.393477, 37.311688, 41.552412, 45.119591, 48.046796, 50.390019, 52.219783, 53.613528, 54.649062, 55.399511, 55.929951, 56.295623, 56.541469, 56.702657, 56.805713, 56.869961, 56.909015, 56.932160, 56.945532, 56.953064, 56.957199, 56.959411, 56.960565, 56.961151, 56.961441, 56.961581, 56.961647, 56.961677, 56.961691, 56.961697, 56.961699, 56.961700, 56.961701, 56.961701, 56.961701, 56.961701, 56.961701, 56.961701, 56.961701, 56.961701, 56.961701, 56.961701, 56.961701, 56.961701, 56.961701, 56.961701, 56.961701, 56.961701, 56.961701, 56.961701, 56.961701, 56.961701, 56.961701, 56.961701, 56.961701, 56.961701, 56.961701, 56.961701, 56.961701, 56.961701, 56.961700, 56.961699, 56.961697, 56.961691, 56.961677, 56.961647, 56.961581, 56.961441, 56.961151, 56.960565, 56.959411, 56.957199, 56.953064, 56.945532, 56.932160, 56.909015, 56.869961, 56.805713, 56.702657, 56.541469, 56.295623, 55.929951, 55.399511, 54.649062, 53.613528, 52.219783, 50.390019, 48.046796, 45.119591, 41.552412, 37.311688, 32.393477, 26.828869, 20.686600, 14.072134, 7.122903, 0.000000, ],\n",
    "[0.000000, 8.204624, 16.209129, 23.827899, 30.902584, 37.311688, 42.976043, 47.859863, 51.967739, 55.338393, 58.036376, 60.142971, 61.747420, 62.939373, 63.803076, 64.413488, 64.834232, 65.117062, 65.302468, 65.420988, 65.494864, 65.539761, 65.566364, 65.581731, 65.590384, 65.595134, 65.597674, 65.598999, 65.599672, 65.600005, 65.600165, 65.600241, 65.600275, 65.600291, 65.600297, 65.600300, 65.600301, 65.600302, 65.600302, 65.600302, 65.600302, 65.600302, 65.600302, 65.600302, 65.600302, 65.600302, 65.600302, 65.600302, 65.600302, 65.600302, 65.600302, 65.600302, 65.600302, 65.600302, 65.600302, 65.600302, 65.600302, 65.600302, 65.600302, 65.600302, 65.600302, 65.600302, 65.600302, 65.600302, 65.600302, 65.600301, 65.600300, 65.600297, 65.600291, 65.600275, 65.600241, 65.600165, 65.600005, 65.599672, 65.598999, 65.597674, 65.595134, 65.590384, 65.581731, 65.566364, 65.539761, 65.494864, 65.420988, 65.302468, 65.117062, 64.834232, 64.413488, 63.803076, 62.939373, 61.747420, 60.142971, 58.036376, 55.338393, 51.967739, 47.859863, 42.976043, 37.311688, 30.902584, 23.827899, 16.209129, 8.204624, 0.000000, ],\n",
    "[0.000000, 9.137461, 18.051964, 26.536714, 34.415307, 41.552412, 47.859863, 53.297846, 57.871526, 61.624093, 64.627508, 66.972354, 68.758069, 70.084527, 71.045570, 71.724681, 72.192707, 72.507270, 72.713444, 72.845215, 72.927334, 72.977231, 73.006790, 73.023860, 73.033470, 73.038744, 73.041564, 73.043034, 73.043780, 73.044150, 73.044328, 73.044411, 73.044450, 73.044467, 73.044474, 73.044477, 73.044479, 73.044479, 73.044479, 73.044479, 73.044479, 73.044479, 73.044479, 73.044479, 73.044479, 73.044479, 73.044479, 73.044479, 73.044479, 73.044479, 73.044479, 73.044479, 73.044479, 73.044479, 73.044479, 73.044479, 73.044479, 73.044479, 73.044479, 73.044479, 73.044479, 73.044479, 73.044479, 73.044479, 73.044479, 73.044479, 73.044477, 73.044474, 73.044467, 73.044450, 73.044411, 73.044328, 73.044150, 73.043780, 73.043034, 73.041564, 73.038744, 73.033470, 73.023860, 73.006790, 72.977231, 72.927334, 72.845215, 72.713444, 72.507270, 72.192707, 71.724681, 71.045570, 70.084527, 68.758069, 66.972354, 64.627508, 61.624093, 57.871526, 53.297846, 47.859863, 41.552412, 34.415307, 26.536714, 18.051964, 9.137461, 0.000000, ],\n",
    "[0.000000, 9.922260, 19.602315, 28.815525, 37.370277, 45.119591, 51.967739, 57.871526, 62.836622, 66.910004, 70.169888, 72.714706, 74.652491, 76.091731, 77.134347, 77.870994, 78.378593, 78.719697, 78.943226, 79.086062, 79.175059, 79.229124, 79.261145, 79.279633, 79.290038, 79.295746, 79.298798, 79.300388, 79.301196, 79.301595, 79.301787, 79.301878, 79.301919, 79.301938, 79.301946, 79.301949, 79.301950, 79.301951, 79.301951, 79.301951, 79.301951, 79.301951, 79.301951, 79.301951, 79.301951, 79.301951, 79.301951, 79.301951, 79.301951, 79.301951, 79.301951, 79.301951, 79.301951, 79.301951, 79.301951, 79.301951, 79.301951, 79.301951, 79.301951, 79.301951, 79.301951, 79.301951, 79.301951, 79.301951, 79.301951, 79.301950, 79.301949, 79.301946, 79.301938, 79.301919, 79.301878, 79.301787, 79.301595, 79.301196, 79.300388, 79.298798, 79.295746, 79.290038, 79.279633, 79.261145, 79.229124, 79.175059, 79.086062, 78.943226, 78.719697, 78.378593, 77.870994, 77.134347, 76.091731, 74.652491, 72.714706, 70.169888, 66.910004, 62.836622, 57.871526, 51.967739, 45.119591, 37.370277, 28.815525, 19.602315, 9.922260, 0.000000, ],\n",
    "[0.000000, 10.566376, 20.874720, 30.685719, 39.795261, 48.046796, 55.338393, 61.624093, 66.910004, 71.246229, 74.716146, 77.424648, 79.486840, 81.018292, 82.127558, 82.911184, 83.451070, 83.813810, 84.051475, 84.203316, 84.297904, 84.355354, 84.389372, 84.409008, 84.420057, 84.426116, 84.429355, 84.431043, 84.431899, 84.432322, 84.432527, 84.432622, 84.432666, 84.432686, 84.432694, 84.432698, 84.432699, 84.432700, 84.432700, 84.432700, 84.432700, 84.432700, 84.432700, 84.432700, 84.432700, 84.432700, 84.432700, 84.432700, 84.432700, 84.432700, 84.432700, 84.432700, 84.432700, 84.432700, 84.432700, 84.432700, 84.432700, 84.432700, 84.432700, 84.432700, 84.432700, 84.432700, 84.432700, 84.432700, 84.432700, 84.432699, 84.432698, 84.432694, 84.432686, 84.432666, 84.432622, 84.432527, 84.432322, 84.431899, 84.431043, 84.429355, 84.426116, 84.420057, 84.409008, 84.389372, 84.355354, 84.297904, 84.203316, 84.051475, 83.813810, 83.451070, 82.911184, 82.127558, 81.018292, 79.486840, 77.424648, 74.716146, 71.246229, 66.910004, 61.624093, 55.338393, 48.046796, 39.795261, 30.685719, 20.874720, 10.566376, 0.000000, ],\n",
    "[0.000000, 11.082094, 21.893455, 32.183002, 41.736596, 50.390019, 58.036376, 64.627508, 70.169888, 74.716146, 78.353811, 81.192971, 83.354408, 84.959372, 86.121734, 86.942754, 87.508318, 87.888250, 88.137137, 88.296118, 88.395135, 88.455263, 88.490858, 88.511401, 88.522957, 88.529293, 88.532679, 88.534442, 88.535337, 88.535779, 88.535992, 88.536092, 88.536138, 88.536158, 88.536167, 88.536171, 88.536172, 88.536173, 88.536173, 88.536173, 88.536173, 88.536173, 88.536173, 88.536173, 88.536173, 88.536173, 88.536173, 88.536173, 88.536173, 88.536173, 88.536173, 88.536173, 88.536173, 88.536173, 88.536173, 88.536173, 88.536173, 88.536173, 88.536173, 88.536173, 88.536173, 88.536173, 88.536173, 88.536173, 88.536173, 88.536172, 88.536171, 88.536167, 88.536158, 88.536138, 88.536092, 88.535992, 88.535779, 88.535337, 88.534442, 88.532679, 88.529293, 88.522957, 88.511401, 88.490858, 88.455263, 88.395135, 88.296118, 88.137137, 87.888250, 87.508318, 86.942754, 86.121734, 84.959372, 83.354408, 81.192971, 78.353811, 74.716146, 70.169888, 64.627508, 58.036376, 50.390019, 41.736596, 32.183002, 21.893455, 11.082094, 0.000000, ],\n",
    "[0.000000, 11.484895, 22.689115, 33.352363, 43.252656, 52.219783, 60.142971, 66.972354, 72.714706, 77.424648, 81.192971, 84.133838, 86.372476, 88.034579, 89.238179, 90.088216, 90.673687, 91.066933, 91.324500, 91.488999, 91.591434, 91.653625, 91.690435, 91.711674, 91.723620, 91.730168, 91.733666, 91.735487, 91.736411, 91.736868, 91.737088, 91.737191, 91.737238, 91.737259, 91.737268, 91.737272, 91.737274, 91.737274, 91.737275, 91.737275, 91.737275, 91.737275, 91.737275, 91.737275, 91.737275, 91.737275, 91.737275, 91.737275, 91.737275, 91.737275, 91.737275, 91.737275, 91.737275, 91.737275, 91.737275, 91.737275, 91.737275, 91.737275, 91.737275, 91.737275, 91.737275, 91.737275, 91.737275, 91.737275, 91.737274, 91.737274, 91.737272, 91.737268, 91.737259, 91.737238, 91.737191, 91.737088, 91.736868, 91.736411, 91.735487, 91.733666, 91.730168, 91.723620, 91.711674, 91.690435, 91.653625, 91.591434, 91.488999, 91.324500, 91.066933, 90.673687, 90.088216, 89.238179, 88.034579, 86.372476, 84.133838, 81.192971, 77.424648, 72.714706, 66.972354, 60.142971, 52.219783, 43.252656, 33.352363, 22.689115, 11.484895, 0.000000, ],\n",
    "[0.000000, 11.791788, 23.295304, 34.243217, 44.407553, 53.613528, 61.747420, 68.758069, 74.652491, 79.486840, 83.354408, 86.372476, 88.669668, 90.375075, 91.609899, 92.481885, 93.082398, 93.485694, 93.749805, 93.918458, 94.023463, 94.087203, 94.124924, 94.146684, 94.158920, 94.165626, 94.169208, 94.171073, 94.172018, 94.172486, 94.172711, 94.172816, 94.172864, 94.172886, 94.172895, 94.172899, 94.172900, 94.172901, 94.172901, 94.172901, 94.172902, 94.172902, 94.172902, 94.172902, 94.172902, 94.172902, 94.172902, 94.172902, 94.172902, 94.172902, 94.172902, 94.172902, 94.172902, 94.172902, 94.172902, 94.172902, 94.172902, 94.172902, 94.172902, 94.172902, 94.172902, 94.172902, 94.172901, 94.172901, 94.172901, 94.172900, 94.172899, 94.172895, 94.172886, 94.172864, 94.172816, 94.172711, 94.172486, 94.172018, 94.171073, 94.169208, 94.165626, 94.158920, 94.146684, 94.124924, 94.087203, 94.023463, 93.918458, 93.749805, 93.485694, 93.082398, 92.481885, 91.609899, 90.375075, 88.669668, 86.372476, 83.354408, 79.486840, 74.652491, 68.758069, 61.747420, 53.613528, 44.407553, 34.243217, 23.295304, 11.791788, 0.000000, ],\n",
    "[0.000000, 12.019866, 23.745801, 34.905225, 45.265708, 54.649062, 62.939373, 70.084527, 76.091731, 81.018292, 84.959372, 88.034579, 90.375075, 92.112479, 93.370350, 94.258520, 94.870112, 95.280799, 95.549718, 95.721418, 95.828306, 95.893179, 95.931564, 95.953704, 95.966152, 95.972973, 95.976615, 95.978511, 95.979472, 95.979947, 95.980176, 95.980283, 95.980332, 95.980354, 95.980363, 95.980367, 95.980369, 95.980369, 95.980370, 95.980370, 95.980370, 95.980370, 95.980370, 95.980370, 95.980370, 95.980370, 95.980370, 95.980370, 95.980370, 95.980370, 95.980370, 95.980370, 95.980370, 95.980370, 95.980370, 95.980370, 95.980370, 95.980370, 95.980370, 95.980370, 95.980370, 95.980370, 95.980370, 95.980370, 95.980369, 95.980369, 95.980367, 95.980363, 95.980354, 95.980332, 95.980283, 95.980176, 95.979947, 95.979472, 95.978511, 95.976615, 95.972973, 95.966152, 95.953704, 95.931564, 95.893179, 95.828306, 95.721418, 95.549718, 95.280799, 94.870112, 94.258520, 93.370350, 92.112479, 90.375075, 88.034579, 84.959372, 81.018292, 76.091731, 70.084527, 62.939373, 54.649062, 45.265708, 34.905225, 23.745801, 12.019866, 0.000000, ],\n",
    "[0.000000, 12.185204, 24.072358, 35.385073, 45.887676, 55.399511, 63.803076, 71.045570, 77.134347, 82.127558, 86.121734, 89.238179, 91.609899, 93.370350, 94.644804, 95.544607, 96.164151, 96.580137, 96.852497, 97.026375, 97.134606, 97.200287, 97.239144, 97.261554, 97.274151, 97.281053, 97.284738, 97.286656, 97.287628, 97.288108, 97.288340, 97.288448, 97.288497, 97.288519, 97.288529, 97.288533, 97.288534, 97.288535, 97.288535, 97.288535, 97.288536, 97.288536, 97.288536, 97.288536, 97.288536, 97.288536, 97.288536, 97.288536, 97.288536, 97.288536, 97.288536, 97.288536, 97.288536, 97.288536, 97.288536, 97.288536, 97.288536, 97.288536, 97.288536, 97.288536, 97.288536, 97.288536, 97.288535, 97.288535, 97.288535, 97.288534, 97.288533, 97.288529, 97.288519, 97.288497, 97.288448, 97.288340, 97.288108, 97.287628, 97.286656, 97.284738, 97.281053, 97.274151, 97.261554, 97.239144, 97.200287, 97.134606, 97.026375, 96.852497, 96.580137, 96.164151, 95.544607, 94.644804, 93.370350, 91.609899, 89.238179, 86.121734, 82.127558, 77.134347, 71.045570, 63.803076, 55.399511, 45.887676, 35.385073, 24.072358, 12.185204, 0.000000, ],\n",
    "[0.000000, 12.302106, 24.303243, 35.724315, 46.327353, 55.929951, 64.413488, 71.724681, 77.870994, 82.911184, 86.942754, 90.088216, 92.481885, 94.258520, 95.544607, 96.452557, 97.077664, 97.497352, 97.772112, 97.947506, 98.056671, 98.122912, 98.162097, 98.184692, 98.197393, 98.204351, 98.208065, 98.209998, 98.210978, 98.211462, 98.211694, 98.211803, 98.211853, 98.211875, 98.211885, 98.211889, 98.211891, 98.211891, 98.211892, 98.211892, 98.211892, 98.211892, 98.211892, 98.211892, 98.211892, 98.211892, 98.211892, 98.211892, 98.211892, 98.211892, 98.211892, 98.211892, 98.211892, 98.211892, 98.211892, 98.211892, 98.211892, 98.211892, 98.211892, 98.211892, 98.211892, 98.211892, 98.211892, 98.211892, 98.211891, 98.211891, 98.211889, 98.211885, 98.211875, 98.211853, 98.211803, 98.211694, 98.211462, 98.210978, 98.209998, 98.208065, 98.204351, 98.197393, 98.184692, 98.162097, 98.122912, 98.056671, 97.947506, 97.772112, 97.497352, 97.077664, 96.452557, 95.544607, 94.258520, 92.481885, 90.088216, 86.942754, 82.911184, 77.870994, 71.724681, 64.413488, 55.929951, 46.327353, 35.724315, 24.303243, 12.302106, 0.000000, ],\n",
    "[0.000000, 12.382724, 24.462456, 35.958231, 46.630491, 56.295623, 64.834232, 72.192707, 78.378593, 83.451070, 87.508318, 90.673687, 93.082398, 94.870112, 96.164151, 97.077664, 97.706564, 98.128771, 98.405163, 98.581585, 98.691382, 98.758001, 98.797406, 98.820128, 98.832897, 98.839892, 98.843627, 98.845569, 98.846554, 98.847040, 98.847274, 98.847384, 98.847434, 98.847456, 98.847466, 98.847470, 98.847471, 98.847472, 98.847472, 98.847472, 98.847472, 98.847472, 98.847472, 98.847472, 98.847472, 98.847472, 98.847472, 98.847472, 98.847472, 98.847472, 98.847472, 98.847472, 98.847472, 98.847472, 98.847472, 98.847472, 98.847472, 98.847472, 98.847472, 98.847472, 98.847472, 98.847472, 98.847472, 98.847472, 98.847472, 98.847471, 98.847470, 98.847466, 98.847456, 98.847434, 98.847384, 98.847274, 98.847040, 98.846554, 98.845569, 98.843627, 98.839892, 98.832897, 98.820128, 98.797406, 98.758001, 98.691382, 98.581585, 98.405163, 98.128771, 97.706564, 97.077664, 96.164151, 94.870112, 93.082398, 90.673687, 87.508318, 83.451070, 78.378593, 72.192707, 64.834232, 56.295623, 46.630491, 35.958231, 24.462456, 12.382724, 0.000000, ],\n",
    "[0.000000, 12.436944, 24.569531, 36.115534, 46.834322, 56.541469, 65.117062, 72.507270, 78.719697, 83.813810, 87.888250, 91.066933, 93.485694, 95.280799, 96.580137, 97.497352, 98.128771, 98.552649, 98.830120, 99.007223, 99.117436, 99.184304, 99.223854, 99.246657, 99.259473, 99.266492, 99.270239, 99.272188, 99.273176, 99.273664, 99.273898, 99.274008, 99.274058, 99.274081, 99.274090, 99.274094, 99.274096, 99.274097, 99.274097, 99.274097, 99.274097, 99.274097, 99.274097, 99.274097, 99.274097, 99.274097, 99.274097, 99.274097, 99.274097, 99.274097, 99.274097, 99.274097, 99.274097, 99.274097, 99.274097, 99.274097, 99.274097, 99.274097, 99.274097, 99.274097, 99.274097, 99.274097, 99.274097, 99.274097, 99.274097, 99.274096, 99.274094, 99.274090, 99.274081, 99.274058, 99.274008, 99.273898, 99.273664, 99.273176, 99.272188, 99.270239, 99.266492, 99.259473, 99.246657, 99.223854, 99.184304, 99.117436, 99.007223, 98.830120, 98.552649, 98.128771, 97.497352, 96.580137, 95.280799, 93.485694, 91.066933, 87.888250, 83.813810, 78.719697, 72.507270, 65.117062, 56.541469, 46.834322, 36.115534, 24.569531, 12.436944, 0.000000, ],\n",
    "[0.000000, 12.472507, 24.639759, 36.218695, 46.967981, 56.702657, 65.302468, 72.713444, 78.943226, 84.051475, 88.137137, 91.324500, 93.749805, 95.549718, 96.852497, 97.772112, 98.405163, 98.830120, 99.108288, 99.285827, 99.396308, 99.463336, 99.502979, 99.525834, 99.538678, 99.545713, 99.549468, 99.551421, 99.552411, 99.552900, 99.553135, 99.553245, 99.553295, 99.553318, 99.553327, 99.553331, 99.553333, 99.553334, 99.553334, 99.553334, 99.553334, 99.553334, 99.553334, 99.553334, 99.553334, 99.553334, 99.553334, 99.553334, 99.553334, 99.553334, 99.553334, 99.553334, 99.553334, 99.553334, 99.553334, 99.553334, 99.553334, 99.553334, 99.553334, 99.553334, 99.553334, 99.553334, 99.553334, 99.553334, 99.553334, 99.553333, 99.553331, 99.553327, 99.553318, 99.553295, 99.553245, 99.553135, 99.552900, 99.552411, 99.551421, 99.549468, 99.545713, 99.538678, 99.525834, 99.502979, 99.463336, 99.396308, 99.285827, 99.108288, 98.830120, 98.405163, 97.772112, 96.852497, 95.549718, 93.749805, 91.324500, 88.137137, 84.051475, 78.943226, 72.713444, 65.302468, 56.702657, 46.967981, 36.218695, 24.639759, 12.472507, 0.000000, ],\n",
    "[0.000000, 12.495254, 24.684675, 36.284669, 47.053450, 56.805713, 65.420988, 72.845215, 79.086062, 84.203316, 88.296118, 91.488999, 93.918458, 95.721418, 97.026375, 97.947506, 98.581585, 99.007223, 99.285827, 99.463641, 99.574290, 99.641417, 99.681117, 99.704005, 99.716867, 99.723911, 99.727671, 99.729626, 99.730618, 99.731107, 99.731342, 99.731453, 99.731503, 99.731525, 99.731535, 99.731539, 99.731541, 99.731541, 99.731542, 99.731542, 99.731542, 99.731542, 99.731542, 99.731542, 99.731542, 99.731542, 99.731542, 99.731542, 99.731542, 99.731542, 99.731542, 99.731542, 99.731542, 99.731542, 99.731542, 99.731542, 99.731542, 99.731542, 99.731542, 99.731542, 99.731542, 99.731542, 99.731542, 99.731542, 99.731541, 99.731541, 99.731539, 99.731535, 99.731525, 99.731503, 99.731453, 99.731342, 99.731107, 99.730618, 99.729626, 99.727671, 99.723911, 99.716867, 99.704005, 99.681117, 99.641417, 99.574290, 99.463641, 99.285827, 99.007223, 98.581585, 97.947506, 97.026375, 95.721418, 93.918458, 91.488999, 88.296118, 84.203316, 79.086062, 72.845215, 65.420988, 56.805713, 47.053450, 36.284669, 24.684675, 12.495254, 0.000000, ],\n",
    "[0.000000, 12.509441, 24.712688, 36.325811, 47.106741, 56.869961, 65.494864, 72.927334, 79.175059, 84.297904, 88.395135, 91.591434, 94.023463, 95.828306, 97.134606, 98.056671, 98.691382, 99.117436, 99.396308, 99.574290, 99.685040, 99.752227, 99.791962, 99.814870, 99.827742, 99.834792, 99.838555, 99.840512, 99.841504, 99.841994, 99.842229, 99.842340, 99.842390, 99.842412, 99.842422, 99.842426, 99.842428, 99.842429, 99.842429, 99.842429, 99.842429, 99.842429, 99.842429, 99.842429, 99.842429, 99.842429, 99.842429, 99.842429, 99.842429, 99.842429, 99.842429, 99.842429, 99.842429, 99.842429, 99.842429, 99.842429, 99.842429, 99.842429, 99.842429, 99.842429, 99.842429, 99.842429, 99.842429, 99.842429, 99.842429, 99.842428, 99.842426, 99.842422, 99.842412, 99.842390, 99.842340, 99.842229, 99.841994, 99.841504, 99.840512, 99.838555, 99.834792, 99.827742, 99.814870, 99.791962, 99.752227, 99.685040, 99.574290, 99.396308, 99.117436, 98.691382, 98.056671, 97.134606, 95.828306, 94.023463, 91.591434, 88.395135, 84.297904, 79.175059, 72.927334, 65.494864, 56.869961, 47.106741, 36.325811, 24.712688, 12.509441, 0.000000, ],\n",
    "[0.000000, 12.518069, 24.729723, 36.350828, 47.139141, 56.909015, 65.539761, 72.977231, 79.229124, 84.355354, 88.455263, 91.653625, 94.087203, 95.893179, 97.200287, 98.122912, 98.758001, 99.184304, 99.463336, 99.641417, 99.752227, 99.819450, 99.859206, 99.882125, 99.895004, 99.902057, 99.905822, 99.907780, 99.908772, 99.909262, 99.909498, 99.909608, 99.909658, 99.909681, 99.909690, 99.909694, 99.909696, 99.909697, 99.909697, 99.909697, 99.909697, 99.909697, 99.909697, 99.909697, 99.909697, 99.909697, 99.909697, 99.909697, 99.909697, 99.909697, 99.909697, 99.909697, 99.909697, 99.909697, 99.909697, 99.909697, 99.909697, 99.909697, 99.909697, 99.909697, 99.909697, 99.909697, 99.909697, 99.909697, 99.909697, 99.909696, 99.909694, 99.909690, 99.909681, 99.909658, 99.909608, 99.909498, 99.909262, 99.908772, 99.907780, 99.905822, 99.902057, 99.895004, 99.882125, 99.859206, 99.819450, 99.752227, 99.641417, 99.463336, 99.184304, 98.758001, 98.122912, 97.200287, 95.893179, 94.087203, 91.653625, 88.455263, 84.355354, 79.229124, 72.977231, 65.539761, 56.909015, 47.139141, 36.350828, 24.729723, 12.518069, 0.000000, ],\n",
    "[0.000000, 12.523185, 24.739823, 36.365658, 47.158346, 56.932160, 65.566364, 73.006790, 79.261145, 84.389372, 88.490858, 91.690435, 94.124924, 95.931564, 97.239144, 98.162097, 98.797406, 99.223854, 99.502979, 99.681117, 99.791962, 99.859206, 99.898974, 99.921899, 99.934782, 99.941837, 99.945602, 99.947561, 99.948553, 99.949043, 99.949279, 99.949390, 99.949440, 99.949462, 99.949472, 99.949476, 99.949478, 99.949478, 99.949479, 99.949479, 99.949479, 99.949479, 99.949479, 99.949479, 99.949479, 99.949479, 99.949479, 99.949479, 99.949479, 99.949479, 99.949479, 99.949479, 99.949479, 99.949479, 99.949479, 99.949479, 99.949479, 99.949479, 99.949479, 99.949479, 99.949479, 99.949479, 99.949479, 99.949479, 99.949478, 99.949478, 99.949476, 99.949472, 99.949462, 99.949440, 99.949390, 99.949279, 99.949043, 99.948553, 99.947561, 99.945602, 99.941837, 99.934782, 99.921899, 99.898974, 99.859206, 99.791962, 99.681117, 99.502979, 99.223854, 98.797406, 98.162097, 97.239144, 95.931564, 94.124924, 91.690435, 88.490858, 84.389372, 79.261145, 73.006790, 65.566364, 56.932160, 47.158346, 36.365658, 24.739823, 12.523185, 0.000000, ],\n",
    "[0.000000, 12.526143, 24.745661, 36.374230, 47.169444, 56.945532, 65.581731, 73.023860, 79.279633, 84.409008, 88.511401, 91.711674, 94.146684, 95.953704, 97.261554, 98.184692, 98.820128, 99.246657, 99.525834, 99.704005, 99.814870, 99.882125, 99.921899, 99.944829, 99.957713, 99.964769, 99.968535, 99.970494, 99.971487, 99.971977, 99.972212, 99.972323, 99.972373, 99.972396, 99.972405, 99.972409, 99.972411, 99.972412, 99.972412, 99.972412, 99.972412, 99.972412, 99.972412, 99.972412, 99.972412, 99.972412, 99.972412, 99.972412, 99.972412, 99.972412, 99.972412, 99.972412, 99.972412, 99.972412, 99.972412, 99.972412, 99.972412, 99.972412, 99.972412, 99.972412, 99.972412, 99.972412, 99.972412, 99.972412, 99.972412, 99.972411, 99.972409, 99.972405, 99.972396, 99.972373, 99.972323, 99.972212, 99.971977, 99.971487, 99.970494, 99.968535, 99.964769, 99.957713, 99.944829, 99.921899, 99.882125, 99.814870, 99.704005, 99.525834, 99.246657, 98.820128, 98.184692, 97.261554, 95.953704, 94.146684, 91.711674, 88.511401, 84.409008, 79.279633, 73.023860, 65.581731, 56.945532, 47.169444, 36.374230, 24.745661, 12.526143, 0.000000, ],\n",
    "[0.000000, 12.527809, 24.748951, 36.379059, 47.175696, 56.953064, 65.590384, 73.033470, 79.290038, 84.420057, 88.522957, 91.723620, 94.158920, 95.966152, 97.274151, 98.197393, 98.832897, 99.259473, 99.538678, 99.716867, 99.827742, 99.895004, 99.934782, 99.957713, 99.970598, 99.977655, 99.981421, 99.983380, 99.984373, 99.984863, 99.985099, 99.985209, 99.985260, 99.985282, 99.985292, 99.985296, 99.985297, 99.985298, 99.985298, 99.985299, 99.985299, 99.985299, 99.985299, 99.985299, 99.985299, 99.985299, 99.985299, 99.985299, 99.985299, 99.985299, 99.985299, 99.985299, 99.985299, 99.985299, 99.985299, 99.985299, 99.985299, 99.985299, 99.985299, 99.985299, 99.985299, 99.985299, 99.985299, 99.985298, 99.985298, 99.985297, 99.985296, 99.985292, 99.985282, 99.985260, 99.985209, 99.985099, 99.984863, 99.984373, 99.983380, 99.981421, 99.977655, 99.970598, 99.957713, 99.934782, 99.895004, 99.827742, 99.716867, 99.538678, 99.259473, 98.832897, 98.197393, 97.274151, 95.966152, 94.158920, 91.723620, 88.522957, 84.420057, 79.290038, 73.033470, 65.590384, 56.953064, 47.175696, 36.379059, 24.748951, 12.527809, 0.000000, ],\n",
    "[0.000000, 12.528725, 24.750758, 36.381712, 47.179128, 56.957199, 65.595134, 73.038744, 79.295746, 84.426116, 88.529293, 91.730168, 94.165626, 95.972973, 97.281053, 98.204351, 98.839892, 99.266492, 99.545713, 99.723911, 99.834792, 99.902057, 99.941837, 99.964769, 99.977655, 99.984712, 99.988479, 99.990437, 99.991430, 99.991920, 99.992156, 99.992267, 99.992317, 99.992339, 99.992349, 99.992353, 99.992355, 99.992355, 99.992356, 99.992356, 99.992356, 99.992356, 99.992356, 99.992356, 99.992356, 99.992356, 99.992356, 99.992356, 99.992356, 99.992356, 99.992356, 99.992356, 99.992356, 99.992356, 99.992356, 99.992356, 99.992356, 99.992356, 99.992356, 99.992356, 99.992356, 99.992356, 99.992356, 99.992356, 99.992355, 99.992355, 99.992353, 99.992349, 99.992339, 99.992317, 99.992267, 99.992156, 99.991920, 99.991430, 99.990437, 99.988479, 99.984712, 99.977655, 99.964769, 99.941837, 99.902057, 99.834792, 99.723911, 99.545713, 99.266492, 98.839892, 98.204351, 97.281053, 95.972973, 94.165626, 91.730168, 88.529293, 84.426116, 79.295746, 73.038744, 65.595134, 56.957199, 47.179128, 36.381712, 24.750758, 12.528725, 0.000000, ],\n",
    "[0.000000, 12.529215, 24.751725, 36.383131, 47.180966, 56.959411, 65.597674, 73.041564, 79.298798, 84.429355, 88.532679, 91.733666, 94.169208, 95.976615, 97.284738, 98.208065, 98.843627, 99.270239, 99.549468, 99.727671, 99.838555, 99.905822, 99.945602, 99.968535, 99.981421, 99.988479, 99.992245, 99.994204, 99.995197, 99.995687, 99.995923, 99.996033, 99.996084, 99.996106, 99.996116, 99.996120, 99.996121, 99.996122, 99.996122, 99.996122, 99.996123, 99.996123, 99.996123, 99.996123, 99.996123, 99.996123, 99.996123, 99.996123, 99.996123, 99.996123, 99.996123, 99.996123, 99.996123, 99.996123, 99.996123, 99.996123, 99.996123, 99.996123, 99.996123, 99.996123, 99.996123, 99.996123, 99.996122, 99.996122, 99.996122, 99.996121, 99.996120, 99.996116, 99.996106, 99.996084, 99.996033, 99.995923, 99.995687, 99.995197, 99.994204, 99.992245, 99.988479, 99.981421, 99.968535, 99.945602, 99.905822, 99.838555, 99.727671, 99.549468, 99.270239, 98.843627, 98.208065, 97.284738, 95.976615, 94.169208, 91.733666, 88.532679, 84.429355, 79.298798, 73.041564, 65.597674, 56.959411, 47.180966, 36.383131, 24.751725, 12.529215, 0.000000, ],\n",
    "[0.000000, 12.529471, 24.752230, 36.383872, 47.181924, 56.960565, 65.598999, 73.043034, 79.300388, 84.431043, 88.534442, 91.735487, 94.171073, 95.978511, 97.286656, 98.209998, 98.845569, 99.272188, 99.551421, 99.729626, 99.840512, 99.907780, 99.947561, 99.970494, 99.983380, 99.990437, 99.994204, 99.996163, 99.997156, 99.997646, 99.997882, 99.997992, 99.998043, 99.998065, 99.998075, 99.998079, 99.998080, 99.998081, 99.998081, 99.998081, 99.998082, 99.998082, 99.998082, 99.998082, 99.998082, 99.998082, 99.998082, 99.998082, 99.998082, 99.998082, 99.998082, 99.998082, 99.998082, 99.998082, 99.998082, 99.998082, 99.998082, 99.998082, 99.998082, 99.998082, 99.998082, 99.998082, 99.998081, 99.998081, 99.998081, 99.998080, 99.998079, 99.998075, 99.998065, 99.998043, 99.997992, 99.997882, 99.997646, 99.997156, 99.996163, 99.994204, 99.990437, 99.983380, 99.970494, 99.947561, 99.907780, 99.840512, 99.729626, 99.551421, 99.272188, 98.845569, 98.209998, 97.286656, 95.978511, 94.171073, 91.735487, 88.534442, 84.431043, 79.300388, 73.043034, 65.598999, 56.960565, 47.181924, 36.383872, 24.752230, 12.529471, 0.000000, ],\n",
    "[0.000000, 12.529601, 24.752487, 36.384249, 47.182411, 56.961151, 65.599672, 73.043780, 79.301196, 84.431899, 88.535337, 91.736411, 94.172018, 95.979472, 97.287628, 98.210978, 98.846554, 99.273176, 99.552411, 99.730618, 99.841504, 99.908772, 99.948553, 99.971487, 99.984373, 99.991430, 99.995197, 99.997156, 99.998149, 99.998639, 99.998875, 99.998985, 99.999035, 99.999058, 99.999067, 99.999072, 99.999073, 99.999074, 99.999074, 99.999074, 99.999074, 99.999074, 99.999074, 99.999074, 99.999074, 99.999074, 99.999074, 99.999074, 99.999074, 99.999074, 99.999074, 99.999074, 99.999074, 99.999074, 99.999074, 99.999074, 99.999074, 99.999074, 99.999074, 99.999074, 99.999074, 99.999074, 99.999074, 99.999074, 99.999074, 99.999073, 99.999072, 99.999067, 99.999058, 99.999035, 99.998985, 99.998875, 99.998639, 99.998149, 99.997156, 99.995197, 99.991430, 99.984373, 99.971487, 99.948553, 99.908772, 99.841504, 99.730618, 99.552411, 99.273176, 98.846554, 98.210978, 97.287628, 95.979472, 94.172018, 91.736411, 88.535337, 84.431899, 79.301196, 73.043780, 65.599672, 56.961151, 47.182411, 36.384249, 24.752487, 12.529601, 0.000000, ],\n",
    "[0.000000, 12.529665, 24.752614, 36.384435, 47.182652, 56.961441, 65.600005, 73.044150, 79.301595, 84.432322, 88.535779, 91.736868, 94.172486, 95.979947, 97.288108, 98.211462, 98.847040, 99.273664, 99.552900, 99.731107, 99.841994, 99.909262, 99.949043, 99.971977, 99.984863, 99.991920, 99.995687, 99.997646, 99.998639, 99.999129, 99.999365, 99.999475, 99.999526, 99.999548, 99.999558, 99.999562, 99.999563, 99.999564, 99.999564, 99.999564, 99.999564, 99.999564, 99.999564, 99.999564, 99.999564, 99.999564, 99.999564, 99.999564, 99.999564, 99.999564, 99.999564, 99.999564, 99.999564, 99.999564, 99.999564, 99.999564, 99.999564, 99.999564, 99.999564, 99.999564, 99.999564, 99.999564, 99.999564, 99.999564, 99.999564, 99.999563, 99.999562, 99.999558, 99.999548, 99.999526, 99.999475, 99.999365, 99.999129, 99.998639, 99.997646, 99.995687, 99.991920, 99.984863, 99.971977, 99.949043, 99.909262, 99.841994, 99.731107, 99.552900, 99.273664, 98.847040, 98.211462, 97.288108, 95.979947, 94.172486, 91.736868, 88.535779, 84.432322, 79.301595, 73.044150, 65.600005, 56.961441, 47.182652, 36.384435, 24.752614, 12.529665, 0.000000, ],\n",
    "[0.000000, 12.529696, 24.752675, 36.384525, 47.182769, 56.961581, 65.600165, 73.044328, 79.301787, 84.432527, 88.535992, 91.737088, 94.172711, 95.980176, 97.288340, 98.211694, 98.847274, 99.273898, 99.553135, 99.731342, 99.842229, 99.909498, 99.949279, 99.972212, 99.985099, 99.992156, 99.995923, 99.997882, 99.998875, 99.999365, 99.999600, 99.999711, 99.999761, 99.999784, 99.999793, 99.999797, 99.999799, 99.999800, 99.999800, 99.999800, 99.999800, 99.999800, 99.999800, 99.999800, 99.999800, 99.999800, 99.999800, 99.999800, 99.999800, 99.999800, 99.999800, 99.999800, 99.999800, 99.999800, 99.999800, 99.999800, 99.999800, 99.999800, 99.999800, 99.999800, 99.999800, 99.999800, 99.999800, 99.999800, 99.999800, 99.999799, 99.999797, 99.999793, 99.999784, 99.999761, 99.999711, 99.999600, 99.999365, 99.998875, 99.997882, 99.995923, 99.992156, 99.985099, 99.972212, 99.949279, 99.909498, 99.842229, 99.731342, 99.553135, 99.273898, 98.847274, 98.211694, 97.288340, 95.980176, 94.172711, 91.737088, 88.535992, 84.432527, 79.301787, 73.044328, 65.600165, 56.961581, 47.182769, 36.384525, 24.752675, 12.529696, 0.000000, ],\n",
    "[0.000000, 12.529711, 24.752704, 36.384568, 47.182824, 56.961647, 65.600241, 73.044411, 79.301878, 84.432622, 88.536092, 91.737191, 94.172816, 95.980283, 97.288448, 98.211803, 98.847384, 99.274008, 99.553245, 99.731453, 99.842340, 99.909608, 99.949390, 99.972323, 99.985209, 99.992267, 99.996033, 99.997992, 99.998985, 99.999475, 99.999711, 99.999821, 99.999872, 99.999894, 99.999904, 99.999908, 99.999910, 99.999910, 99.999911, 99.999911, 99.999911, 99.999911, 99.999911, 99.999911, 99.999911, 99.999911, 99.999911, 99.999911, 99.999911, 99.999911, 99.999911, 99.999911, 99.999911, 99.999911, 99.999911, 99.999911, 99.999911, 99.999911, 99.999911, 99.999911, 99.999911, 99.999911, 99.999911, 99.999911, 99.999910, 99.999910, 99.999908, 99.999904, 99.999894, 99.999872, 99.999821, 99.999711, 99.999475, 99.998985, 99.997992, 99.996033, 99.992267, 99.985209, 99.972323, 99.949390, 99.909608, 99.842340, 99.731453, 99.553245, 99.274008, 98.847384, 98.211803, 97.288448, 95.980283, 94.172816, 91.737191, 88.536092, 84.432622, 79.301878, 73.044411, 65.600241, 56.961647, 47.182824, 36.384568, 24.752704, 12.529711, 0.000000, ],\n",
    "[0.000000, 12.529718, 24.752717, 36.384587, 47.182849, 56.961677, 65.600275, 73.044450, 79.301919, 84.432666, 88.536138, 91.737238, 94.172864, 95.980332, 97.288497, 98.211853, 98.847434, 99.274058, 99.553295, 99.731503, 99.842390, 99.909658, 99.949440, 99.972373, 99.985260, 99.992317, 99.996084, 99.998043, 99.999035, 99.999526, 99.999761, 99.999872, 99.999922, 99.999945, 99.999954, 99.999958, 99.999960, 99.999961, 99.999961, 99.999961, 99.999961, 99.999961, 99.999961, 99.999961, 99.999961, 99.999961, 99.999961, 99.999961, 99.999961, 99.999961, 99.999961, 99.999961, 99.999961, 99.999961, 99.999961, 99.999961, 99.999961, 99.999961, 99.999961, 99.999961, 99.999961, 99.999961, 99.999961, 99.999961, 99.999961, 99.999960, 99.999958, 99.999954, 99.999945, 99.999922, 99.999872, 99.999761, 99.999526, 99.999035, 99.998043, 99.996084, 99.992317, 99.985260, 99.972373, 99.949440, 99.909658, 99.842390, 99.731503, 99.553295, 99.274058, 98.847434, 98.211853, 97.288497, 95.980332, 94.172864, 91.737238, 88.536138, 84.432666, 79.301919, 73.044450, 65.600275, 56.961677, 47.182849, 36.384587, 24.752717, 12.529718, 0.000000, ],\n",
    "[0.000000, 12.529721, 24.752723, 36.384596, 47.182860, 56.961691, 65.600291, 73.044467, 79.301938, 84.432686, 88.536158, 91.737259, 94.172886, 95.980354, 97.288519, 98.211875, 98.847456, 99.274081, 99.553318, 99.731525, 99.842412, 99.909681, 99.949462, 99.972396, 99.985282, 99.992339, 99.996106, 99.998065, 99.999058, 99.999548, 99.999784, 99.999894, 99.999945, 99.999967, 99.999977, 99.999981, 99.999982, 99.999983, 99.999983, 99.999983, 99.999983, 99.999983, 99.999983, 99.999983, 99.999983, 99.999983, 99.999983, 99.999983, 99.999983, 99.999983, 99.999983, 99.999983, 99.999983, 99.999983, 99.999983, 99.999983, 99.999983, 99.999983, 99.999983, 99.999983, 99.999983, 99.999983, 99.999983, 99.999983, 99.999983, 99.999982, 99.999981, 99.999977, 99.999967, 99.999945, 99.999894, 99.999784, 99.999548, 99.999058, 99.998065, 99.996106, 99.992339, 99.985282, 99.972396, 99.949462, 99.909681, 99.842412, 99.731525, 99.553318, 99.274081, 98.847456, 98.211875, 97.288519, 95.980354, 94.172886, 91.737259, 88.536158, 84.432686, 79.301938, 73.044467, 65.600291, 56.961691, 47.182860, 36.384596, 24.752723, 12.529721, 0.000000, ],\n",
    "[0.000000, 12.529722, 24.752726, 36.384599, 47.182865, 56.961697, 65.600297, 73.044474, 79.301946, 84.432694, 88.536167, 91.737268, 94.172895, 95.980363, 97.288529, 98.211885, 98.847466, 99.274090, 99.553327, 99.731535, 99.842422, 99.909690, 99.949472, 99.972405, 99.985292, 99.992349, 99.996116, 99.998075, 99.999067, 99.999558, 99.999793, 99.999904, 99.999954, 99.999977, 99.999986, 99.999990, 99.999992, 99.999993, 99.999993, 99.999993, 99.999993, 99.999993, 99.999993, 99.999993, 99.999993, 99.999993, 99.999993, 99.999993, 99.999993, 99.999993, 99.999993, 99.999993, 99.999993, 99.999993, 99.999993, 99.999993, 99.999993, 99.999993, 99.999993, 99.999993, 99.999993, 99.999993, 99.999993, 99.999993, 99.999993, 99.999992, 99.999990, 99.999986, 99.999977, 99.999954, 99.999904, 99.999793, 99.999558, 99.999067, 99.998075, 99.996116, 99.992349, 99.985292, 99.972405, 99.949472, 99.909690, 99.842422, 99.731535, 99.553327, 99.274090, 98.847466, 98.211885, 97.288529, 95.980363, 94.172895, 91.737268, 88.536167, 84.432694, 79.301946, 73.044474, 65.600297, 56.961697, 47.182865, 36.384599, 24.752726, 12.529722, 0.000000, ],\n",
